#In each case, what is the value of x?

x<- 2-1*2
# 0 
x<-6/3-2+1*0+3/3-3
# -2
x<-19%%17%%13
# 2
x<-(19%%17)%%13
# 2
x<-19%%(17%%13)
# 3
x<-2^17%%17
# 2
x<-3-2%%5+3*2-4/2
# 5